             1.525      -0.001093736           3.08415    -0.00049169494       0.047881483
         1.5798301      -0.001093736         2.9561001    -0.00042117765       0.034253089
             1.525     -0.0013124826         3.0841499    -0.00059003362       0.047858322
         1.5798301     -0.0013124826            2.9561    -0.00050541292       0.034231947
         1.6034426     -0.0014218558         2.9070998    -0.00050876406       0.029345339
         1.6443826     -0.0012031093          2.829984    -0.00037496155       0.022168597
         1.6860263     -0.0011484227         2.7607377    -0.00030612914       0.016308301
         1.7002959     -0.0014765424         2.7389396    -0.00037151331       0.014574731
         1.7393669     -0.0016679452          2.683809    -0.00035373636       0.010568746
         1.7798696     -0.0013945125         2.6330115    -0.00024176948      0.0073697495
         1.8214122     -0.0013808409         2.5867705    -0.00018790833      0.0048859357
         1.8408707     -0.0019003625         2.5669267    -0.00022696326      0.0039434354
         1.8730483     -0.0022763305         2.5363937     -0.0002116587      0.0026967302
         1.8968503     -0.0019892278         2.5154853    -0.00014768507      0.0019937098
         1.9211016     -0.0021498687         2.4955196     -0.0001200092      0.0014203777
         1.9332826     -0.0030453509         2.4859664    -0.00014255486      0.0011736233
         1.9492899     -0.0038775917         2.4738674    -0.00013649446      0.0009095173
         1.9592708     -0.0037511329          2.466574    -0.00010536661     0.00077980186
         1.9696234       -0.00448852         2.4592041    -9.3413306e-05     0.00065872038
         1.9749915     -0.0062161595         2.4554587    -0.00010614883     0.00059742362
         1.9813645     -0.0082491355         2.4510778    -0.00010455422     0.00053654229
         1.9850471     -0.0088599798         2.4485784    -8.9902973e-05     0.00050893403
         1.9889463      -0.011350805          2.445957    -8.4941984e-05     0.00047871645
         1.9910086      -0.015110173          2.444581    -9.1864207e-05     0.00046061396
         1.9933499      -0.020418215         2.4430273    -9.1682625e-05     0.00044350132
         1.9946577      -0.023516927         2.4421634     -8.476377e-05     0.00043653964
         1.9960623      -0.031141783         2.4412388    -8.2666701e-05     0.00042762287
         1.9968139      -0.040186395         2.4407453     -8.627537e-05     0.00042143066
         1.9976502      -0.054549883         2.4401973    -8.6330194e-05     0.00041593706
         1.9981102      -0.065196326         2.4398964     -8.295905e-05     0.00041407217
         1.9986083      -0.087372456         2.4395709    -8.1849517e-05      0.0004112595
         1.9988766       -0.11032449         2.4393957      -8.34125e-05     0.00040905339
         1.9991723       -0.14880936         2.4392028     -8.287449e-05     0.00040737368
         1.9993339       -0.17987685         2.4390975    -8.0618833e-05     0.00040710409
         1.9995096       -0.23812615          2.438983    -7.8567059e-05     0.00040668467
         1.9996045       -0.29134433         2.4389211    -7.7506063e-05     0.00040644448
         1.9997088       -0.37567698         2.4388532    -7.3593707e-05     0.00040708569
         1.9997023       -0.36556122         2.4388574    -7.3196368e-05     0.00040725614
         1.9996456        -0.3175392         2.4388944    -7.5702083e-05     0.00040678283
         1.9994273       -0.20882262         2.4390366    -8.0462998e-05      0.0004065741
         1.9995527        -0.2640436         2.4389549     -7.945019e-05     0.00040612773
         1.9995716       -0.27666815         2.4389426    -7.9739602e-05     0.00040591617
         1.9996792       -0.35165938         2.4388725    -7.5897099e-05      0.0004065115
         1.9996395       -0.31883394         2.4388983    -7.7314752e-05     0.00040629095
         1.9996123       -0.30479174          2.438916     -7.948667e-05     0.00040574686
         1.9996161       -0.31140739         2.4389136    -8.0420099e-05     0.00040541768
         1.9995381       -0.26873225         2.4389644    -8.3507526e-05     0.00040489039
         1.9994625       -0.24223637         2.4390137    -8.7602749e-05     0.00040402236
         1.9995308       -0.27872295         2.4389692    -8.7986802e-05     0.00040347351
         1.9995073       -0.27974803         2.4389845     -9.272854e-05      0.0004020754
         1.9992218       -0.20737232         2.4391706    -0.00010858556     0.00039872249
         1.9984002       -0.15025603         2.4397068    -0.00016182477     0.00038705041
         1.9987411       -0.19171288         2.4394842    -0.00016244222     0.00038469583
         1.9961736       -0.16543886         2.4411657     -0.0004267146     0.00032618371
        0.10087474      -0.023103211      1.285963e+08       -0.23735709         6.5525762
         1.9991912       -0.22090978         2.4391905    -0.00012022446     0.00039518073
        0.10285716      -0.091515096          71952641        -0.7365263         54.994319
         1.9988092       -0.18986931         2.4394397    -0.00015216421     0.00038747386
         1.9785514       -0.12503642         2.4530053     -0.0018271628     0.00030368172
        0.10285716      -0.091515096          71952641        -0.7365263         54.994319
        0.10315333       -0.14049973          57450406        -0.8956154          80.90525
         1.9974327        -0.1478235         2.4403397    -0.00025562321     0.00036496947
        0.11225693       -0.14294529          13536130       -0.87546726          77.34377
         1.9963201       -0.14660558         2.4410694    -0.00036362761     0.00034189293
         1.9723934       -0.14416647         2.4572704     -0.0027219435     0.00046550836
         1.9953021       -0.14599621         2.4417389    -0.00046257033     0.00032295911
        0.53664454       -0.10504963         33.829318       -0.21367617         5.3552014
          1.994886       -0.15058076         2.4420131    -0.00051948968     0.00031185384
         1.9658838       -0.12968774         2.4618504     -0.0030383983     0.00061209249
         1.9940109       -0.14193647         2.4425906    -0.00057375485     0.00030524741
         1.9446982       -0.11624282         2.4773003     -0.0044757035      0.0014910251
         1.9933847        -0.1420715         2.4430046    -0.00063457854     0.00029614081
         1.9675627       -0.12517299         2.4606612     -0.0027853444     0.00053209445
         1.9924772       -0.13776338         2.4436057    -0.00070013016     0.00028891515
         1.9957892       -0.15464791         2.4414184    -0.00043905862     0.00032560231
         1.9893991       -0.13249611         2.4456549    -0.00095063289     0.00026737735
          1.986859       -0.12815993         2.4473581     -0.0011416078     0.00026199014
         1.9740746       -0.12115646         2.4560982      -0.002145957     0.00036537443
         1.9733401        -0.1228595         2.4566092     -0.0022388012     0.00038182939
         1.9908317        -0.1340511         2.4446992    -0.00083109961      0.0002761742
         1.9837026       -0.12659894         2.4494897     -0.0014012565     0.00026545874
         1.9768137       -0.12224641         2.4542016     -0.0019332005     0.00032401056
         1.9877346          -0.12994         2.4467698     -0.0010797696     0.00026239457
         1.9896125       -0.13149762         2.4455124    -0.00092436554     0.00026982229
         1.9857319       -0.12782506         2.4481173     -0.0012371283     0.00026122286
         1.9845331       -0.12604258         2.4489271      -0.001323332      0.0002638287
         1.9870652       -0.12896656         2.4472194     -0.0011306223     0.00026158354
         1.9859747       -0.12863186         2.4479536     -0.0012235712     0.00026051737
         1.9854864       -0.12886778          2.448283     -0.0012688704     0.00026033132
         1.9837864       -0.12772621         2.4494329     -0.0014063917     0.00026440728
         1.9863764       -0.12865656         2.4476829     -0.0011884619     0.00026077835
         1.9861528       -0.12969872         2.4478336     -0.0012179236     0.00025959806
          1.986354        -0.1306347          2.447698     -0.0012087355     0.00025885782
         1.9854609       -0.13084565         2.4483002     -0.0012906219     0.00025863904
         1.9849555       -0.13193902         2.4486416      -0.001347066     0.00025840839
         1.9858857       -0.13370238         2.4480136     -0.0012799395     0.00025600381
         1.9860773       -0.13611386         2.4478846     -0.0012851918     0.00025395101
         1.9846184       -0.13741339         2.4488697     -0.0014346865     0.00025555131
          1.985789       -0.14157262          2.448079      -0.001364644     0.00025010915
         1.9861721       -0.14636509         2.4478208      -0.001372488      0.0002463701
         1.9873626       -0.14507378         2.4470198     -0.0012423646     0.00024728929
         1.9874408       -0.15525826         2.4469674     -0.0013212895     0.00023977218
         1.9880271       -0.16472634          2.446574     -0.0013359473     0.00023391428
         1.9869638       -0.16599793         2.4472882     -0.0014667652     0.00023422731
         1.9886252         -0.184063         2.4461734      -0.001417682     0.00022358379
          1.989552       -0.20244259         2.4455537     -0.0014314005     0.00021552545
         1.9902463        -0.2012135         2.4450901     -0.0013276148     0.00021720629
         1.9912828       -0.23756495            2.4444     -0.0014000176     0.00020424414
         1.9923262       -0.27179845          2.443707     -0.0014091622     0.00019595676
         1.9919029       -0.27292551         2.4439882     -0.0014934453     0.00019457188
         1.9925367       -0.30631161         2.4435677       -0.00154435     0.00018790131
         1.9940685       -0.36596115         2.4425539     -0.0014650534     0.00018031838
         1.9951227       -0.43232554         2.4418585     -0.0014222346     0.00017533457
         1.9952086       -0.45737651         2.4418021     -0.0014780774     0.00017175432
         1.9959662       -0.52565236         2.4413035     -0.0014294882     0.00016916841
         1.9968647       -0.59839483         2.4407132      -0.001264159     0.00017544306
         1.9963331       -0.54635121         2.4410623     -0.0013503448     0.00017189682
         1.9968312       -0.61237615         2.4407352     -0.0013075303     0.00017191609
         1.9965271       -0.57717473         2.4409349     -0.0013508958     0.00017056202
         1.9961997       -0.55878725           2.44115     -0.0014314198      0.0001674868
         1.9961293       -0.56479392         2.4411964     -0.0014736632      0.0001657171
         1.9954194       -0.51066251         2.4416635     -0.0015774532      0.0001665319
         1.9956287       -0.55179246         2.4415259     -0.0016264409     0.00016397054
         1.9954378       -0.56398358         2.4416518     -0.0017351455     0.00016446335
         1.9962798       -0.59880711         2.4410976     -0.0015015363     0.00016342403
         1.9965992       -0.63324984         2.4408878     -0.0014513046     0.00016371997
         1.9958196       -0.58749642         2.4414004     -0.0016558452     0.00016222431
         1.9956454       -0.59810171         2.4415152     -0.0017561625     0.00016316652
          1.996419       -0.62847733         2.4410062     -0.0015168373     0.00016185479
         1.9967159        -0.6586742         2.4408112     -0.0014576657     0.00016261029
         1.9959946       -0.61859634         2.4412854     -0.0016703503     0.00016088387
          1.995835       -0.62786063         2.4413906     -0.0017631045     0.00016193984
         1.9965482       -0.65447932         2.4409214      -0.001522499     0.00016076963
         1.9968249       -0.68108726         2.4407397     -0.0014571614     0.00016191532
         1.9961555       -0.64580569         2.4411796     -0.0016736049     0.00015977163
         1.9960087       -0.65393753         2.4412764     -0.0017595589     0.00016073645
         1.9966684       -0.67738119         2.4408425     -0.0015208055     0.00016003766
          1.996304       -0.66972857         2.4410821     -0.0016684205     0.00015882506
         1.9961685       -0.67690278         2.4411713     -0.0017482614     0.00015958051
         1.9956621       -0.63673462         2.4415046     -0.0018624376     0.00016499642
         1.9964632       -0.66801545         2.4409773     -0.0015923037     0.00015909433
         1.9965893       -0.68935216         2.4408946     -0.0015844795     0.00015845791
         1.9967714       -0.70761713         2.4407749     -0.0015394375     0.00015865472
         1.9964414       -0.69086976         2.4409918      -0.001656951     0.00015803359
         1.9964304       -0.70124197         2.4409991     -0.0016870372      0.0001578307
         1.9966973       -0.71762529         2.4408238     -0.0015971526     0.00015741908
         1.9968641       -0.73700072         2.4407142     -0.0015572662     0.00015743754
         1.9965485       -0.72761059         2.4409216     -0.0016924529     0.00015701355
         1.9965278       -0.74359538         2.4409354     -0.0017400576       0.000157136
         1.9967986       -0.74144746         2.4407573     -0.0015994451     0.00015669315
         1.9969556       -0.75793555         2.4406542     -0.0015546894     0.00015691734
          1.996659       -0.74992737         2.4408491     -0.0016883989      0.0001563015
         1.9966396       -0.76357987         2.4408619     -0.0017291622     0.00015635619
         1.9968939       -0.76173962         2.4406948     -0.0015942132     0.00015619017
         1.9970419       -0.77591307         2.4405976     -0.0015463653     0.00015662777
         1.9967627       -0.76901545          2.440781     -0.0016775538     0.00015569021
         1.9967444       -0.78079052         2.4407931      -0.001712863      0.0001556508
         1.9969678       -0.79001916         2.4406463     -0.0016139638      0.0001552529
         1.9971018       -0.80574303         2.4405584      -0.001573248     0.00015538405
         1.9968256       -0.80508837         2.4407399     -0.0017220625     0.00015511308
         1.9967903       -0.82148524         2.4407632     -0.0017767095     0.00015569061
         1.9970383       -0.81247432         2.4406001     -0.0016211727     0.00015464405
         1.9971663       -0.82519461         2.4405161     -0.0015753186     0.00015490135
         1.9969028       -0.82466149         2.4406893     -0.0017209541     0.00015460242
         1.9968692       -0.83810926         2.4407114      -0.001768022     0.00015507444
         1.9971057       -0.83069434          2.440556     -0.0016197952     0.00015422852
         1.9972279       -0.84117949         2.4404757     -0.0015708252     0.00015462732
         1.9969763       -0.84073758          2.440641     -0.0017127742     0.00015411932
         1.9969443       -0.85195234         2.4406621     -0.0017540268     0.00015445811
           1.99717       -0.84575114         2.4405138     -0.0016124484     0.00015395602
          1.997287       -0.85453286          2.440437     -0.0015617144     0.00015451722
         1.9970464       -0.85416097          2.440595     -0.0016996959     0.00015368831
         1.9970159       -0.86364809         2.4406151     -0.0017363713     0.00015389013
         1.9972315       -0.85838944         2.4404735      -0.001600911     0.00015380957
         1.9971134       -0.86552872         2.4405511     -0.0016832138      0.0001533356
         1.9970842       -0.87365382         2.4405703     -0.0017162059     0.00015340705
         1.9969116       -0.86171494         2.4406837     -0.0017931419     0.00015510933
         1.9971579       -0.85923548         2.4405218      -0.001645158     0.00015345228
         1.9972199       -0.86986518         2.4404811     -0.0016290956     0.00015330515
         1.9972993       -0.87652896          2.440429     -0.0015946601     0.00015351633
         1.9971773        -0.8752736         2.4405091     -0.0016643775     0.00015308201
          1.997187       -0.88201096         2.4405028     -0.0016714599      0.0001529481
         1.9972883       -0.88537346         2.4404363     -0.0016173188     0.00015308101
         1.9972569       -0.89492674         2.4404569     -0.0016537013     0.00015268652
          1.997275       -0.90418072         2.4404451      -0.001659745     0.00015249399
         1.9971727       -0.90183421         2.4405123     -0.0017176911     0.00015282573
         1.9972617       -0.91771593         2.4404539     -0.0016928628     0.00015230582
         1.9972976       -0.92855949         2.4404304     -0.0016903838     0.00015208415
         1.9973912       -0.92981486         2.4403689     -0.0016339412     0.00015210204
         1.9974118       -0.94387669         2.4403554     -0.0016455014     0.00015178657
         1.9974752       -0.95352541         2.4403139     -0.0016215589     0.00015177772
         1.9973876       -0.95297698         2.4403714     -0.0016769314     0.00015158811
         1.9973858       -0.95964375         2.4403726     -0.0016898172     0.00015151074
         1.9975524       -0.96905137         2.4402633     -0.0015974889     0.00015179722
         1.9974933       -0.96393667          2.440302     -0.0016274835     0.00015154912
         1.9974053       -0.96773474         2.4403599     -0.0016913872     0.00015137551
         1.9973688       -0.97201496         2.4403838     -0.0017227691     0.00015154535
         1.9972899       -0.96434004         2.4404356     -0.0017604968     0.00015223984
         1.9974454       -0.96403836         2.4403335     -0.0016588277     0.00015139263
         1.9974639       -0.97060763         2.4403213     -0.0016579881     0.00015128181
         1.9975013       -0.97412384         2.4402969      -0.001639469     0.00015129508
         1.9974244       -0.97312484         2.4403473     -0.0016882484      0.0001512684
         1.9974138       -0.97614001         2.4403543     -0.0017004792     0.00015128011
         1.9974822       -0.97514857         2.4403094     -0.0016537209     0.00015121575
          1.997519       -0.97770997         2.4402852     -0.0016338004     0.00015127177
         1.9974432        -0.9769725          2.440335     -0.0016824993     0.00015118295
         1.9974328       -0.97922254         2.4403419     -0.0016932934     0.00015118642
         1.9975002       -0.97847464         2.4402976     -0.0016474694     0.00015118265
         1.9975365       -0.98042336         2.4402737     -0.0016267639     0.00015128132
         1.9974618       -0.97985674         2.4403228     -0.0016751868     0.00015111906
         1.9974515        -0.9815999         2.4403296     -0.0016850022     0.00015111207
         1.9975081       -0.98257186         2.4402924     -0.0016491376     0.00015110808
         1.9975393       -0.98446126         2.4402719      -0.001631576     0.00015117743
         1.9974597       -0.98467903         2.4403242     -0.0016848398     0.00015105972
         1.9974389        -0.9866091         2.4403378      -0.001701962     0.00015111107
          1.997516       -0.98535896         2.4402873     -0.0016486032     0.00015106445
         1.9974678       -0.98687547         2.4403189     -0.0016831731     0.00015101795
         1.9974472       -0.98831792         2.4403324     -0.0016993877     0.00015106598
         1.9974093       -0.98633169         2.4403573     -0.0017211663     0.00015127955
         1.9974901        -0.9856149         2.4403042      -0.001666199     0.00015101952
         1.9974981       -0.98756834          2.440299     -0.0016642019      0.0001509888
         1.9975169       -0.98863958         2.4402867     -0.0016534909     0.00015099322
         1.9974759       -0.98852117         2.4403135     -0.0016805807     0.00015098391
         1.9974688       -0.98957437         2.4403182      -0.001687151     0.00015098579
          1.997506       -0.98905471         2.4402938     -0.0016614328     0.00015096788
         1.9975246       -0.98989377         2.4402816     -0.0016503891      0.0001509835
          1.997484       -0.98980017         2.4403083     -0.0016773834     0.00015095642
         1.9974769       -0.99064035         2.4403129     -0.0016835616     0.00015095648
         1.9975139       -0.99022364         2.4402887     -0.0016581496     0.00015095494
         1.9975324       -0.99089859         2.4402765     -0.0016468923     0.00015098163
          1.997492       -0.99082274          2.440303     -0.0016737733     0.00015093495
         1.9974849       -0.99150858         2.4403077     -0.0016796601     0.00015093247
         1.9975148       -0.99180413         2.4402881     -0.0016601921     0.00015092507
         1.9975299       -0.99253725         2.4402782     -0.0016513062      0.0001509373
         1.9974858       -0.99272681         2.4403071     -0.0016811051     0.00015091561
         1.9974716       -0.99355228         2.4403164     -0.0016920526     0.00015093978
         1.9975157       -0.99294474         2.4402875     -0.0016614971     0.00015090431
         1.9975308       -0.99349486         2.4402776     -0.0016523021     0.00015091834
         1.9974868       -0.99363937         2.4403065     -0.0016820316     0.00015090286
         1.9974725       -0.99427981         2.4403158     -0.0016926653     0.00015093057
         1.9975166       -0.99380667         2.4402869      -0.001662335     0.00015088906
         1.9975316       -0.99423466          2.440277     -0.0016529352     0.00015090428
         1.9974877       -0.99434846         2.4403059     -0.0016826131     0.00015089272
         1.9975175       -0.99448093         2.4402863     -0.0016628586     0.00015087741
         1.9975325       -0.99482338         2.4402764     -0.0016533168     0.00015089355
         1.9975457        -0.9939654         2.4402678     -0.0016430867     0.00015095081
         1.9975024       -0.99425733         2.4402962     -0.0016725649     0.00015087774
         1.9975033       -0.99484166         2.4402956     -0.0016729365     0.00015086846
         1.9974967       -0.99523944            2.4403     -0.0016780778     0.00015086821
         1.9975118       -0.99539413           2.44029     -0.0016682004     0.00015085841
         1.9975164       -0.99580896          2.440287     -0.0016657735     0.00015085289
         1.9974956       -0.99626132         2.4403006     -0.0016805072     0.00015085629
         1.9975154       -0.99662184         2.4402877     -0.0016678288     0.00015083861
         1.9975246       -0.99705014         2.4402816     -0.0016623233     0.00015083661
          1.997545       -0.99677554         2.4402683     -0.0016482026     0.00015088141
         1.9975081       -0.99640466         2.4402924     -0.0016723346     0.00015084264
         1.9975164       -0.99735822          2.440287       -0.00166837     0.00015082654
         1.9975164       -0.99777034          2.440287     -0.0016690618     0.00015081976
         1.9975328       -0.99803675         2.4402762     -0.0016584753     0.00015082782
         1.9975246       -0.99838412         2.4402816     -0.0016645571     0.00015081237
         1.9975246       -0.99868211         2.4402816     -0.0016650588     0.00015080709
         1.9975081       -0.99856718         2.4402925     -0.0016759789     0.00015081089
         1.9975164       -0.99900815          2.440287      -0.001671152     0.00015079996
         1.9975164       -0.99922365          2.440287     -0.0016715223     0.00015079661
         1.9975328       -0.99925868         2.4402763     -0.0016605349     0.00015080404
         1.9975246       -0.99946758         2.4402817     -0.0016664074     0.00015079339
         1.9975245       -0.99958982         2.4402817     -0.0016666308     0.00015079129
          1.997508       -0.99957932         2.4402925      -0.001677737     0.00015079703
         1.9975143       -0.99952831         2.4402884      -0.001673453     0.00015079278
         1.9975224       -0.99969418         2.4402831     -0.0016682167     0.00015078889
         1.9975255        -0.9997653         2.4402811     -0.0016662963     0.00015078868
         1.9975356        -0.9997816         2.4402744     -0.0016594592     0.00015079775
         1.9975196       -0.99963433         2.4402849     -0.0016700031     0.00015078965
         1.9975206       -0.99978059         2.4402843      -0.001669618     0.00015078728
         1.9975186       -0.99982198         2.4402856     -0.0016710249      0.0001507868
         1.9975244       -0.99986001         2.4402818     -0.0016671592     0.00015078665
         1.9975268       -0.99989303         2.4402802     -0.0016656084     0.00015078714
         1.9975175       -0.99988236         2.4402863     -0.0016718348      0.0001507861
         1.9975136       -0.99990584         2.4402889     -0.0016745586     0.00015078764
         1.9975234       -0.99990026         2.4402824     -0.0016679319     0.00015078567
         1.9975258       -0.99991824         2.4402809     -0.0016663546     0.00015078618
         1.9975165       -0.99991215          2.440287     -0.0016725941     0.00015078601
         1.9975223       -0.99992253         2.4402831     -0.0016686753      0.0001507851
         1.9975247       -0.99993383         2.4402816     -0.0016670855      0.0001507855
         1.9975292       -0.99991344         2.4402786     -0.0016640395     0.00015078835
         1.9975197       -0.99991247         2.4402849     -0.0016704473     0.00015078522
         1.9975186       -0.99993011         2.4402856     -0.0016711851      0.0001507851
         1.9975162       -0.99993921         2.4402871     -0.0016728066      0.0001507857
         1.9975213       -0.99993668         2.4402838     -0.0016694058     0.00015078478
         1.9975221       -0.99994437         2.4402833     -0.0016688782     0.00015078471
         1.9975184       -0.99994838         2.4402857     -0.0016713825     0.00015078487
         1.9975218        -0.9999566         2.4402835      -0.001669065     0.00015078449
         1.9975234       -0.99996351         2.4402824     -0.0016679965     0.00015078463
         1.9975255       -0.99995379          2.440281     -0.0016665696     0.00015078547
         1.9975202       -0.99994985         2.4402846     -0.0016701769     0.00015078458
         1.9975199       -0.99996001         2.4402847     -0.0016703606     0.00015078444
         1.9975188       -0.99996494         2.4402854     -0.0016710979     0.00015078451
         1.9975216       -0.99996442         2.4402836     -0.0016692446     0.00015078434
         1.9975223       -0.99996893         2.4402832     -0.0016687742     0.00015078434
         1.9975204       -0.99997072         2.4402844     -0.0016700666     0.00015078424
         1.9975197       -0.99997482         2.4402849     -0.0016705628     0.00015078423
          1.997522       -0.99997868         2.4402833     -0.0016689676     0.00015078424
         1.9975194       -0.99998162         2.4402851     -0.0016707517     0.00015078423
         1.9975197       -0.99997482         1.0118755     -0.0089723725         3.5325016
         1.9975197       -0.99997482         1.0118755     -0.0089723725         3.5325016
         1.9975197       -0.99997482         1.0142674     -0.0089723725         3.5326249
         1.9975197       -0.99997482         1.0118755      -0.010766847         3.5325042
         1.9975197       -0.99997482         1.0094891      -0.010766847         3.5324026
         1.9975197       -0.99997482         1.0071084      -0.011664084         3.5323252
         1.9975197       -0.99997482         1.0071084     -0.0098696098         3.5323209
         1.9975197       -0.99997482         1.0047334     -0.0094209911         3.5322623
         1.9975197       -0.99997482                 1      -0.012112703         3.5322186
         1.9975197       -0.99997482        0.99411464      -0.013682868         3.5322879
         1.9975197       -0.99997482        0.99764168     -0.0098696098         3.5322205
         1.9975197       -0.99997482        0.99294173      -0.012561322         3.5323114
         1.9975197       -0.99997482         1.0017724      -0.010206074         3.5322216
         1.9975197       -0.99997482         0.9958766      -0.011776239          3.532246
         1.9975197       -0.99997482         1.0002952      -0.010598615         3.5322145
         1.9975197       -0.99997482         1.0026598      -0.012841708          3.532239
         1.9975197       -0.99997482        0.99889385      -0.010612634          3.532215
         1.9975197       -0.99997482         0.9991887     -0.0090985465         3.5322118
         1.9975197       -0.99997482         0.9987833     -0.0075914683         3.5322128
         1.9975197       -0.99997482         1.0005904     -0.0090845272         3.5322131
         1.9975197       -0.99997482        0.99948364     -0.0075844586         3.5322113
         1.9975197       -0.99997482        0.99907812     -0.0060773804         3.5322141
         1.9975197       -0.99997482        0.99808344      -0.007598478         3.5322162
         1.9975197       -0.99997482        0.99996311     -0.0087130149         3.5322113
         1.9975197       -0.99997482         1.0002583      -0.007198927         3.5322123
         1.9975197       -0.99997482        0.99945599     -0.0086236416         3.5322112
         1.9975197       -0.99997482        0.99993544     -0.0097521979         3.5322123
         1.9975197       -0.99997482        0.99959657     -0.0081263934         3.5322111
         1.9975197       -0.99997482        0.99908964     -0.0080370202         3.5322117
         1.9975197       -0.99997482        0.99974467     -0.0085440162         3.5322111
         1.9975197       -0.99997482        0.99988529      -0.008046768         3.5322112
         1.9975197       -0.99997482        0.99977795     -0.0081909864         3.5322111
         1.9975197       -0.99997482        0.99962985     -0.0077733637         3.5322112
         1.9975197       -0.99997482        0.99971596     -0.0083513531          3.532211
         1.9975197       -0.99997482         0.9995346     -0.0082867601         3.5322111
         1.9975197       -0.99997482        0.99971711     -0.0082149298          3.532211
         1.9975197       -0.99997482        0.99983651     -0.0084398895         3.5322111
         1.9975197       -0.99997482        0.99965655     -0.0082047674          3.532211
         1.9975197       -0.99997482         0.9996577     -0.0080683442         3.5322111
         1.9975197       -0.99997482         0.9997014     -0.0082806009          3.532211
         1.9975197       -0.99997482        0.99964084     -0.0082704385          3.532211
         1.9975197       -0.99997482        0.99960271     -0.0082981928          3.532211
         1.9975197       -0.99997482        0.99968569     -0.0083462719          3.532211
         1.9975197       -0.99997482        0.99966384     -0.0082401436          3.532211
         1.9975197       -0.99997482        0.99960328     -0.0082299812          3.532211
         1.9975197       -0.99997482        0.99967687     -0.0082679459          3.532211
         1.9975197       -0.99997482        0.99969986      -0.008237651          3.532211
         1.9975197       -0.99997482         0.9996556     -0.0082622416          3.532211
         1.9975197       -0.99997482        0.99966863      -0.008290044          3.532211
         1.9975197       -0.99997482        0.99967102     -0.0083149942          3.532211
         1.9975197       -0.99997482        0.99964736     -0.0082843397          3.532211
         1.9975197       -0.99997482        0.99966949     -0.0082720444          3.532211
         1.9975197       -0.99997482        0.99968252     -0.0082998467          3.532211
         1.9975197       -0.99997482        0.99966233     -0.0082716429          3.532211
         1.9975197       -0.99997482        0.99966233     -0.0082716429          3.532211
